$ANSIBLE_VAULT;1.1;AES256
33646631633134363930303563383564643136313038343261323264333430663433643166633434
6432646466646630656234336231613033346562336363610a373133343364643630343163316661
38346438343039663132396134356436386463393139376665633034653839636439656435373663
3164633631643439310a363335323231633735373962633462663037313161636130313662636531
66343063326461353363356532663433646138373865613766383635313263333363366563373461
37306565623962383732313238626432346536343763333531363534326332373565343066643233
33333339346536643434303266313465313466653035616264663135323135653464636665653130
62363665383830316232333935383166613533646633313634333462653036383861363237333164
63363035663261306430653738663831323735643939396634396563646462303934373037323937
39623734336433393732653065383834393661663762346336643461653065653062343632306365
61343531316539613435666339333866326333623631363733356238323738333130626662616233
39323032316661313236313164303065613263653736383866613065353762383139613135353161
37643737323966613366373236393534306333376466643632643965383365383631643866336362
36326262336337343463343165386432343636323637323730373038346634656631346234386666
66333865623938333563376638323133316538356362656462373931323038343566363937633939
66363531623831313231396365666435363734643230613931316161336331663330373362323734
35313366306131373265333533346631386162343330386266383031653661653539656235633535
35303235346135646330333361613935386666663933393465663763346665313331623437633030
38613437643961383365633163303233303935376464643339323063386536636361316232643933
35383838663461653532356463336533326536353833303563653464636261393837393931353730
30623231626565396231663832313964623237363538663634613366313137363136393538326337
63343161636638356634316139666132353965346537623338363433333062633363343332616136
613735396535363961616533353338326362
